100.96	15.09	193.53	124.94	40.78	87	35.58
101.38	15.14	196.47	125.52	40.79	86.94	35.7
101.5	15.24	195.11	125.97	40.57	86.45	35.42
100.31	14.95	193.14	125.73	41.03	85.36	35.08
100.73	15.95	189.63	123.99	41.01	84.47	34.49
99.84	16.34	190.22	124.3	40.7	84.59	34.5
99.13	16.37	191.73	124.69	40.73	86.17	34.92
99.32	16.29	192.15	124	40.71	86.56	36.29
99.67	16.09	192.27	124.24	40.75	85.46	36.06
100.25	16.15	190.01	123.68	40.72	84.67	36.04
100.83	16.13	196.4	121.83	40.59	84.41	36.1
100.83	16.39	197.02	120.3	40.18	83.79	35.68
100.11	16	197.77	118.7	38.73	83.83	35.36
99.29	15.77	195.19	117.03	38.63	82.67	35.2
99.43	16.12	195.68	116.69	38.89	83.83	35.12
98.35	16.62	196.64	119.1	38.99	84.03	34.92
98.08	16.44	193.29	117.8	38.9	83.42	35.27
97.01	16.38	194.52	117.34	38.62	82.52	35.49
97.87	16.72	191.77	118.8	38.22	82.51	35.55
97.66	17.15	192.69	119.04	38.07	83.41	35.63
97.59	17.23	193.55	119.35	38.33	84.57	35.37
97.9	17.34	194.5	119	38.41	84.51	35.09
98.03	17.2	192.49	118.91	38.66	85.02	35.07
97.24	16.98	190.45	118.5	38.95	81.59	35.07
96.16	17.01	189.83	117.67	38.82	81.37	34.96
95.84	17.18	192.62	117.71	38.61	81.11	34.61
95.91	17.21	195.04	117.09	38.62	81.87	34.72
96.18	17.37	188.25	115.85	38.4	81.3	34.46
95.47	17.56	186.67	115.63	38.44	81.73	34.3
96.6	17.92	187.9	115.51	38.45	81.31	34.09
96.1	17.44	184.71	115.2	38.14	81.21	32.96
97.31	17.19	186.81	116.24	38.4	82.64	32.98
97.6	17.11	185.81	115.07	38.27	82.15	32.89
97.58	16.8	182.21	114.1	38.17	81.59	32.49
97.37	17.16	183.9	114.45	37.97	81.66	32.35
98.71	17.28	186.22	115.65	38.47	82.76	32.38
98.78	17.27	186.76	114.51	38.8	82.8	32.23
95.2	17.47	186.39	115.84	38.65	82.9	32.51
95.5	17.33	187.68	115.08	38.55	83.14	32.54
95.58	17.35	187.64	114.85	38.47	83.82	32.34
95.02	17.25	187.14	114.43	38.35	83.1	32.13
94.98	16.73	186.44	115.32	38.31	82.57	32.15
94.32	16.3	184.26	114.84	38.12	81.29	31.86
95.15	16.53	185.17	115.33	38.2	83.18	31.93
95.08	16.49	185.27	115.69	38.07	82.55	32.23
95.89	16.33	184.06	115.51	37.87	83.41	32
96.62	16.34	183.23	114.97	37.77	83.8	32.17
96.5	16.53	183.45	114.15	37.5	83.52	32.47
96.45	16.29	182.79	112.68	37.18	82.65	32.8
95.75	16.3	184.26	114.6	37.3	82.28	33.18
95.55	16.2	182.95	113.6	37.1	81.76	32.85
96.02	16.47	183.19	112.71	37.47	82.72	32.82
95.78	16.7	183.69	113.48	38.93	82.94	33.15
95.46	16.75	181.84	112.51	38.65	82.28	33.49
94.89	16.75	180.24	112.03	38.51	81.87	32.94
95.34	16.88	179.7	113.58	38.64	80.86	32.95
94.86	16.72	177.14	111.69	38.57	80.6	32.44
95.92	16.82	177.25	112.05	37.95	80.92	32.3
94.94	16.69	174.67	111.27	38.03	79.22	32
93.58	16.4	174.24	109.52	37.61	78.55	32.08
93.09	16.35	172.84	110.83	37.48	78.2	32.45
93.02	16.35	172.9	111.14	37.2	78.62	31.95
94.17	16.75	176.68	111.63	37.82	79.07	33.32
93.8	16.93	177.36	116.45	38.17	79.94	33.35
93.15	16.68	176.4	116	37.9	79.27	33.31
94.18	16.73	176.85	116.84	38.87	79.56	33.7
94.07	16.31	177.9	116.43	38.73	78.78	33.51
94.43	16.45	179.64	116.29	38.84	79.84	33.42
95.32	16.86	182.73	118.39	39.24	81.79	33.8
94.88	17.15	182.25	120.43	39.9	80.79	33.34
95.08	17.01	188.43	120.36	39.92	81.37	33.57
94.93	17.01	190.09	119.29	39.28	81.18	33.7
96.06	17.08	188.76	118.83	39.71	81.78	33.96
95.46	17.15	187.74	119.18	39.76	80.84	33.79
95.22	16.77	185.92	119.57	39.69	80.74	33.48
94.83	16.43	184.16	119.25	39.53	80.39	33.3
95.8	16.77	187.26	121.01	40.13	81.34	33.62
95.46	16.83	187.38	123.29	39.73	80.81	33.54
95.41	16.58	187.97	123.29	39.94	79.71	34.24
96.38	16.5	189.71	125.07	40.39	79.47	34.95
95.85	16.66	186	124.02	40.27	79.19	34.96
96.54	16.41	186.64	124.35	40.46	79.11	34.8
96.41	16.1	185.53	124.14	40.66	78.72	34.95
97.03	15.57	187.57	124.91	41.31	80.38	35.16
97.01	15.54	186.41	124.23	41.09	80.34	35.2
96.91	15.67	185.08	125.23	40.66	80.39	35.18
96.84	15.65	185.35	124.81	40.49	78.96	35.16
96.54	15.7	183.22	123.51	40.19	78.78	34.95
96.3	15.69	182.23	122.8	40.16	78.66	34.69
96.51	15.6	180.02	122.78	40.04	78.32	34.3
95.14	15.75	180.22	123.22	39.86	78.57	34.45
95.93	15.69	178.7	121.6	40.02	77.53	34.38
94.38	15.18	175.76	118.74	39.1	76.69	33.85
95.45	15.24	177.85	120.22	39.27	76.93	34.15
94.44	15.18	172.8	119.9	39.23	76.84	33.85
94.1	15.25	173.37	120.99	39.21	76.63	33.89
95.26	15.25	175.2	122.1	40.13	77.54	33.95
95.43	15.56	177.12	123.66	39.85	78.01	34.4
95.72	15.58	177.46	123.34	40.4	78.37	34.69
96.8	15.56	177.67	122.29	40.46	78.79	34.53
95.43	15.43	176.08	121.1	39.83	77.96	34.25
95.71	15.63	175.74	121.77	40.37	78.05	34.6
96.38	15.54	176.08	122.52	40.35	78.53	34.74
96.51	15.73	177.48	122.34	40.08	79.21	34.8
97.37	15.82	179.68	122.44	40.19	79.12	35.21
97.06	15.83	178.97	122.42	40.19	78.62	35.41
98.2	15.88	177.31	122.78	40.25	79.28	35.28
98.92	15.81	178.94	123.74	40.37	79.53	35.37
98.27	15.64	181.3	124.03	40.43	79.71	35.42
97.7	15.59	184.13	123.46	40.43	79.17	35.3
97.54	15.14	185.19	122	40.06	78.3	35.4
97.98	15.2	185.25	122.06	40.14	78.51	35.72
97.65	14.92	184.47	120.56	40.17	78.44	35.6
96.92	14.92	183.19	120.06	40.22	79.16	35.43
97.56	14.8	182.21	119.56	40.21	78.86	35.16
98.11	14.64	183.55	120.09	40.12	78.85	35.07
97.66	14.32	183.07	120	39.88	78.04	35.17
97.09	14.4	182.88	121.08	39.87	77.79	35.03
97.01	14.32	179.99	121.19	40.05	77.25	35.17
97.2	13.8	180	119.91	39.83	76.89	35.11
97.9	13.96	179.19	121.14	40.05	77.91	35.82
97.41	13.93	177.85	118.45	39.5	77	35.53
97.31	14.04	180.27	118.1	39.51	78.4	36.45
97.24	14.02	179.23	118.01	39.61	77.25	36.24
96.52	13.97	179.21	119.96	39.57	77.55	36.2
96.03	14.17	180.15	120.3	39.62	78.87	36.26
96.05	14.15	182.12	121.5	39.8	79.11	36.27
95.37	14.23	177.35	120.91	39.61	79.16	35.57
94.78	14.26	176.85	120.59	39.03	78.88	35.19
94.68	14.17	177.8	120.56	38.8	78.1	34.63
94.21	14.21	175.77	120.13	39.09	78.12	35.28
95.12	14.52	174.97	120.64	39.09	77.76	35.23
94.59	14.52	172.86	119.82	38.82	75.3	35.22
95.2	14.63	173.78	119.65	38.78	75.02	34.61
95.47	14.66	174.83	119.52	38.55	75.24	34.44
95.22	14.56	186.73	119.16	38	73.98	34.2
93.8	14.24	184.66	118.15	37.66	73.86	33.71
94.72	14.35	186.97	118.58	37.91	75.19	33.92
94.74	14.19	186.16	117.67	37.77	74.95	34.2
94.44	14.23	184.77	116.38	37.78	73.96	34.15
93.27	13.84	181.32	116.13	37.08	72.96	33.75
93.94	13.69	178.72	116.73	37.28	73.84	33.11
94.36	13.81	182.01	117.87	37.05	75.35	34
94.7	14.05	184.1	118.13	37.2	75.74	33.75
94.67	14	183.86	118.25	37.16	75.78	33.64
95.28	14.06	184.96	120.83	37.43	75.96	33.94
96.13	13.9	186.38	121.32	37.95	76.72	34.06
96.21	13.8	185.18	121.5	37.88	76.71	33.82
97.12	13.9	186.92	122.64	38.4	77.08	33.98
98.19	14.08	190.22	123.49	38.74	76.68	34.23
97.62	14.14	189.47	124.07	38.33	76.44	34.05
97.78	14.09	189.97	124.49	38.53	76.37	34.09
97.28	14.14	190.99	125.52	38.63	76.74	34.22
96.9	14.44	190.02	124.92	39.4	76.45	34.31
97.92	14.61	193.39	125.44	39.31	76.11	34.81
98.7	14.71	194.42	125.82	39.59	76.7	34.95
97.92	14.55	192.16	124.34	38.79	75.2	34.75
97.71	14.53	193.15	124.08	38.86	75.3	34.57
97.35	14.49	192.17	124.14	38.69	76.2	34.32
97.18	14.48	190.73	123.89	38.44	76.18	34.38
97.46	14.65	190.7	123.92	38.78	76.46	33.97
96.89	14.61	186.6	123.01	38.63	76.07	33.97
96.45	14.48	184.98	122.22	38.52	75.76	33.63
96.26	14.36	183.03	121.21	38.35	75.92	33.41
95.66	14.37	184.15	121.37	38.24	74.93	33.34
95.16	14.32	183.13	120.86	38.54	74.61	33.74
94.52	14.25	183.96	120.55	37.9	74.69	33.32
94.36	14.12	182.27	120.43	38.18	72.98	33.83
94.86	14.17	182.64	120.37	38.1	72.59	33.65
96.08	14.12	182.16	121.81	38.35	73.45	33.58
94.84	14.11	182.74	118.81	38.15	74.29	33.69
95.31	14.49	184.74	118.84	38.12	75.13	33.82
95.13	14.57	185.42	119.53	38.52	75.42	34.29
95.46	14.57	185.19	118.29	38.31	74.74	33.82
95.11	14.34	184.86	117.7	38.28	74.25	33.48
95.5	14.29	184.56	118.29	38.65	74.73	33.87
95.48	14.15	184.23	118.66	38.78	72.9	33.79
95.03	14.42	185.34	119.88	39.05	72.84	34.18
95.39	14.32	185.79	120.25	39.09	73.34	34.35
96.11	14.6	187.53	122.05	39.53	73.62	34.77
96.45	14.51	188.42	122.5	39.65	73.78	34.72
97.04	14.41	189.09	121.8	39.83	73.21	34.92
97.62	14.45	187.82	122.5	40.16	73.42	34.8
98.04	14.61	187.93	123.07	40.2	73.72	35.29
98.33	14.53	188.56	123.33	40.15	73.73	35.59
98.69	14.64	190.99	123.14	40.37	73.28	35.48
99.31	14.8	195.5	123.99	40.29	72.48	35.67
99.2	14.84	195.16	124.95	40.22	72.73	35.77
99	14.95	195.81	126.44	40.57	71.98	35.72
98.08	14.6	195.04	125.89	40.08	71.61	35.27
98.37	14.52	196.01	125.78	40.32	71.12	35.42
97.87	14.52	196.21	126.17	40.28	71.32	35.88
98.03	14.73	197.35	127.56	40.64	71.8	35.6
97.49	14.83	197.22	127.76	40.84	72.23	35.46
96.66	14.71	196.61	126.37	40.86	72.71	35.4
96.76	14.94	194.98	127.26	40.96	72.7	35.81
97.58	14.92	194.09	127.03	40.84	72.86	35.58
100.27	14.75	193.54	126.91	41.09	72.57	35.81
100.18	14.76	197.99	125.47	40.81	72.65	35.74
100.1	14.31	194.55	124.35	40.84	72.88	35.96
100.88	13.92	193.85	124.12	40.23	73.47	35.88
100.75	13.88	194	124.68	41.01	73.71	35.55
101.58	13.78	192.07	124.06	41.03	73.65	35.81
100.79	13.51	192.8	123.77	41.03	73.48	35.87
99.98	13.37	192.25	122.9	40.68	72.3	35.39
99.99	13.53	191.3	123.27	40.83	71.23	35.6
99.88	13.28	194.98	121.24	40.54	71.06	35.58
99.86	13.06	194.93	120.51	40.52	70.72	35.83
100.35	12.83	193.25	119.08	40.49	70.72	35.62
99.93	12.9	191.5	119.15	40.37	70.66	35.53
99.82	12.93	191.28	119.08	40.46	70.87	35.3
99	12.86	191.11	118.34	40.11	70.71	35.4
99.65	13.01	195.65	118.71	40.26	70.42	35.63
98.84	12.76	194.86	118.15	40.33	69.61	35.33
97.52	12.67	194.98	117.45	39.72	68.91	35.03
97.29	12.3	193.54	116.82	39.53	68.42	34.46
97.23	12.69	195.46	118.93	39.76	69.6	34.47
96.79	12.89	197.35	117.95	39.13	70.01	34.35
98.81	13.19	201.94	120.5	40.41	71.9	35.25
99.75	13.27	204.87	121.52	40.93	73.12	36.17
98.74	13.21	203.04	121.22	40.68	73.29	35.76
98.42	13.07	202.2	120.28	40.34	72.64	35.91
98.88	13.21	203.77	121.66	40.41	72.77	36.3
98.24	13.06	201.2	119.97	40.39	72.59	35.62
98.23	13.12	203.98	121.45	40.79	72	35.76
99.53	13.3	205.02	122.69	41.18	72.57	35.99
98.28	13.38	206.35	121.7	41.41	71.98	35.45
96.68	13.2	203.8	120.59	40.79	71.47	35.81
96.42	13.09	202.74	121.57	40.65	71.08	35.26
98.37	13.36	206.19	122.96	41.42	71.86	35.67
97.96	13.55	208.95	124.09	40.81	71.59	35.07
96.57	13.66	208.02	122.75	39.99	71.76	34.99
97.07	13.83	209.36	125.11	40.77	73.13	35.5
99.05	13.48	207.92	125.49	41.4	72.72	35.91
101.24	13.35	207.78	126.43	42.55	73.45	36.18
100.29	13.24	205.72	125.45	42.24	74.36	36.75
101.03	13.21	206.16	125.4	41.93	73.82	36.74
101.74	13.31	206.99	124.93	42.25	74.62	36.62
102.14	13.44	208.65	125.94	42.34	74.63	36.94
101.54	13.51	207.6	124.78	42.38	74.16	37.22
101.54	13.43	208.44	123.42	42.97	74.15	37.44
101.12	13.36	204.69	122.76	43.09	75.01	37.38
101.95	13.44	203.32	123.01	42.92	75.5	37.53
101.2	13.34	203.21	125	42.52	74.59	37.23
100.38	12.98	202.47	122.85	42.19	74.65	37
100.2	13.02	204.47	123.23	42.15	74.94	37.36
99.69	12.91	203.24	123.64	42.12	74.22	37.33
100.95	13.02	204.82	123.36	42.46	74.97	37.83
102.29	12.9	203.63	123.04	42.7	73.34	37.52
102.07	12.88	202.78	123.25	42.08	72.95	37.09
102.92	12.24	204.51	123.49	42.24	73.49	37.34
102.06	12.19	202.39	122.04	41.96	73.5	37.56